6 0.162661 0.516856 0.112071 0.101168
1 0.520560 0.190696 0.182290 0.166237
1 0.332747 0.827053 0.145469 0.161048
1 0.544495 0.651727 0.156516 0.158436
1 0.904464 0.514072 0.147296 0.168832
0 0.343520 0.109261 0.153447 0.149347
0 0.715609 0.290000 0.158039 0.160172
0 0.345055 0.557311 0.190256 0.222938
0 0.722515 0.731564 0.153435 0.173162
0 0.173203 0.911203 0.156516 0.164502
6 0.498861 0.817225 0.121035 0.158093
6 0.152576 0.056074 0.123276 0.112148
6 0.170505 0.369837 0.123276 0.116993
6 0.167144 0.686014 0.112071 0.123299
